
inv_tkp = 
[|      0:  1:  2:  3:  4:  5:  6:  7:  8:  9: 10: 11: 12: 13: 14: 15: 
 |  0:  0,  1,  2,  3,  4,  5,  6,  7,  8,  9, 10, 11, 12, 13, 14, 15
 |  1:  8,  9, 10, 11, 12, 13, 14, 15,  2,  0,  4,  7,  6,  3,  5,  1
 |  2:  2,  0,  4,  7,  6,  3,  5,  1, 10,  8, 12, 15, 14, 11, 13,  9
 |  3: 10,  8, 12, 15, 14, 11, 13,  9,  4,  2,  6,  1,  5,  7,  3,  0
 |  4:  4,  2,  6,  1,  5,  7,  3,  0, 12, 10, 14,  9, 13, 15, 11,  8
 |  5: 12, 10, 14,  9, 13, 15, 11,  8,  6,  4,  5,  0,  3,  1,  7,  2
 |  6:  6,  4,  5,  0,  3,  1,  7,  2, 14, 12, 13,  8, 11,  9, 15, 10
 |  7: 14, 12, 13,  8, 11,  9, 15, 10,  5,  6,  3,  2,  7,  0,  1,  4
 |  8:  5,  6,  3,  2,  7,  0,  1,  4, 13, 14, 11, 10, 15,  8,  9, 12
 |  9: 13, 14, 11, 10, 15,  8,  9, 12,  3,  5,  7,  4,  1,  2,  0,  6
 | 10:  3,  5,  7,  4,  1,  2,  0,  6, 11, 13, 15, 12,  9, 10,  8, 14
 | 11: 11, 13, 15, 12,  9, 10,  8, 14,  7,  3,  1,  6,  0,  4,  2,  5
 | 12:  7,  3,  1,  6,  0,  4,  2,  5, 15, 11,  9, 14,  8, 12, 10, 13
 | 13: 15, 11,  9, 14,  8, 12, 10, 13,  1,  7,  0,  5,  2,  6,  4,  3
 | 14:  1,  7,  0,  5,  2,  6,  4,  3,  9, 15,  8, 13, 10, 14, 12, 11
 | 15:  9, 15,  8, 13, 10, 14, 12, 11,  0,  1,  2,  3,  4,  5,  6,  7
 | 16:  0,  1,  2,  3,  4,  5,  6,  7,  8,  9, 10, 11, 12, 13, 14, 15
 | 17:  8,  9, 10, 11, 12, 13, 14, 15,  2,  0,  4,  7,  6,  3,  5,  1
 | 18:  2,  0,  4,  7,  6,  3,  5,  1, 10,  8, 12, 15, 14, 11, 13,  9
 | 19: 10,  8, 12, 15, 14, 11, 13,  9,  4,  2,  6,  1,  5,  7,  3,  0
 | 20:  4,  2,  6,  1,  5,  7,  3,  0, 12, 10, 14,  9, 13, 15, 11,  8
 |];
LANEU = [0: 0, 1: 0, 2: 0, 3: 0, 4: 0, 5: 0, 6: 0, 7: 0, 8: 0, 9: 0, 10: 0, 11: 0, 12: 0, 13: 1, 14: 0, 15: 0];
ASTKU = 
[|     0: 1: 2: 3: 4: 5: 6: 7: 8: 9: 10: 11: 12: 13: 14: 15: 
 |  0: 0, 0, 0, 0, 0, 0, 0, 0, 0, 0,  0,  0,  0,  1,  0,  0
 |  1: 0, 0, 0, 0, 0, 0, 0, 0, 0, 0,  0,  0,  0,  0,  0,  0
 |  2: 0, 0, 0, 0, 0, 0, 0, 0, 0, 0,  0,  1,  0,  0,  0,  0
 |  3: 0, 0, 0, 0, 0, 0, 0, 0, 0, 0,  0,  0,  0,  0,  0,  0
 |  4: 0, 0, 0, 0, 0, 0, 0, 0, 0, 0,  0,  0,  0,  0,  0,  1
 |  5: 0, 0, 0, 0, 0, 0, 0, 0, 0, 0,  0,  0,  0,  0,  0,  0
 |  6: 0, 0, 0, 0, 0, 0, 0, 0, 0, 1,  0,  0,  0,  0,  0,  0
 |  7: 1, 0, 0, 0, 0, 0, 0, 0, 0, 0,  0,  0,  0,  0,  0,  0
 |  8: 0, 0, 0, 0, 0, 0, 0, 0, 1, 0,  0,  0,  0,  0,  0,  0
 |  9: 0, 0, 1, 0, 0, 0, 0, 0, 0, 0,  0,  0,  0,  0,  0,  0
 | 10: 0, 0, 0, 0, 0, 0, 0, 0, 0, 0,  1,  0,  0,  0,  0,  0
 | 11: 0, 0, 0, 0, 1, 0, 0, 0, 0, 0,  0,  0,  0,  0,  0,  0
 | 12: 0, 0, 0, 0, 0, 0, 0, 0, 0, 0,  0,  0,  1,  0,  0,  0
 | 13: 0, 0, 0, 0, 0, 0, 1, 0, 0, 0,  0,  0,  0,  0,  0,  0
 | 14: 0, 0, 0, 0, 0, 0, 0, 0, 0, 0,  0,  0,  0,  0,  1,  0
 | 15: 0, 0, 0, 0, 0, 1, 0, 0, 0, 0,  0,  0,  0,  0,  0,  0
 | 16: 0, 0, 0, 0, 0, 0, 0, 0, 0, 0,  0,  0,  0,  1,  0,  0
 | 17: 0, 0, 0, 1, 0, 0, 0, 0, 0, 0,  0,  0,  0,  0,  0,  0
 | 18: 0, 0, 0, 0, 0, 0, 0, 0, 0, 0,  0,  1,  0,  0,  0,  0
 | 19: 0, 0, 0, 0, 0, 0, 0, 1, 0, 0,  0,  0,  0,  0,  0,  0
 | 20: 0, 0, 0, 0, 0, 0, 0, 0, 0, 0,  0,  0,  0,  0,  0,  1
 |];
DSTKU = 
[|     0: 1: 2: 3: 4: 5: 6: 7: 8: 9: 10: 11: 12: 13: 14: 15: 
 |  0: 0, 0, 0, 0, 0, 0, 0, 0, 0, 0,  0,  0,  0,  1,  0,  0
 |  1: 0, 0, 0, 0, 0, 0, 0, 0, 0, 0,  0,  0,  0,  0,  0,  0
 |  2: 0, 0, 0, 0, 0, 0, 0, 0, 0, 0,  0,  1,  0,  0,  0,  0
 |  3: 0, 0, 0, 0, 0, 0, 0, 0, 0, 0,  0,  0,  0,  0,  0,  0
 |  4: 0, 0, 0, 0, 0, 0, 0, 0, 0, 0,  0,  0,  0,  0,  0,  1
 |  5: 0, 0, 0, 0, 0, 0, 0, 0, 0, 0,  0,  0,  0,  0,  0,  0
 |  6: 0, 0, 0, 0, 0, 0, 0, 0, 0, 1,  0,  0,  0,  0,  0,  0
 |  7: 1, 0, 0, 0, 0, 0, 0, 0, 0, 0,  0,  0,  0,  0,  0,  0
 |  8: 0, 0, 0, 0, 0, 0, 0, 0, 1, 0,  0,  0,  0,  0,  0,  0
 |  9: 0, 0, 1, 0, 0, 0, 0, 0, 0, 0,  0,  0,  0,  0,  0,  0
 | 10: 0, 0, 0, 0, 0, 0, 0, 0, 0, 0,  1,  0,  0,  0,  0,  0
 | 11: 0, 0, 0, 0, 1, 0, 0, 0, 0, 0,  0,  0,  0,  0,  0,  0
 | 12: 0, 0, 0, 0, 0, 0, 0, 0, 0, 0,  0,  0,  1,  0,  0,  0
 | 13: 0, 0, 0, 0, 0, 0, 1, 0, 0, 0,  0,  0,  0,  0,  0,  0
 | 14: 0, 0, 0, 0, 0, 0, 0, 0, 0, 0,  0,  0,  0,  0,  1,  0
 | 15: 0, 0, 0, 0, 0, 1, 0, 0, 0, 0,  0,  0,  0,  0,  0,  0
 | 16: 0, 0, 0, 0, 0, 0, 0, 0, 0, 0,  0,  0,  0,  1,  0,  0
 | 17: 0, 0, 0, 1, 0, 0, 0, 0, 0, 0,  0,  0,  0,  0,  0,  0
 | 18: 0, 0, 0, 0, 0, 0, 0, 0, 0, 0,  0,  1,  0,  0,  0,  0
 | 19: 0, 0, 0, 0, 0, 0, 0, 1, 0, 0,  0,  0,  0,  0,  0,  0
 | 20: 0, 0, 0, 0, 0, 0, 0, 0, 0, 0,  0,  0,  0,  0,  0,  1
 |];
LANEL = [0: 0, 1: 0, 2: 0, 3: 0, 4: 0, 5: 1, 6: 0, 7: 0, 8: 0, 9: 0, 10: 0, 11: 0, 12: 0, 13: 0, 14: 0, 15: 0];
ASTKL = 
[|     0: 1: 2: 3: 4: 5: 6: 7: 8: 9: 10: 11: 12: 13: 14: 15: 
 |  0: 0, 0, 0, 0, 0, 1, 0, 0, 0, 0,  0,  0,  0,  0,  0,  0
 |  1: 0, 0, 0, 0, 0, 0, 0, 0, 0, 0,  0,  0,  0,  1,  0,  0
 |  2: 0, 0, 0, 1, 0, 0, 0, 0, 0, 0,  0,  0,  0,  0,  0,  0
 |  3: 0, 0, 0, 0, 0, 0, 0, 0, 0, 0,  0,  1,  0,  0,  0,  0
 |  4: 0, 0, 0, 0, 0, 0, 0, 1, 0, 0,  0,  0,  0,  0,  0,  0
 |  5: 0, 0, 0, 0, 0, 0, 0, 0, 0, 0,  0,  0,  0,  0,  0,  1
 |  6: 0, 1, 0, 0, 0, 0, 0, 0, 0, 0,  0,  0,  0,  0,  0,  0
 |  7: 0, 0, 0, 0, 0, 0, 0, 0, 0, 1,  0,  0,  0,  0,  0,  0
 |  8: 1, 0, 0, 0, 0, 0, 0, 0, 0, 0,  0,  0,  0,  0,  0,  0
 |  9: 0, 0, 0, 0, 0, 0, 0, 0, 1, 0,  0,  0,  0,  0,  0,  0
 | 10: 0, 0, 1, 0, 0, 0, 0, 0, 0, 0,  0,  0,  0,  0,  0,  0
 | 11: 0, 0, 0, 0, 0, 0, 0, 0, 0, 0,  1,  0,  0,  0,  0,  0
 | 12: 0, 0, 0, 0, 1, 0, 0, 0, 0, 0,  0,  0,  0,  0,  0,  0
 | 13: 0, 0, 0, 0, 0, 0, 0, 0, 0, 0,  0,  0,  1,  0,  0,  0
 | 14: 0, 0, 0, 0, 0, 0, 0, 0, 0, 0,  0,  0,  0,  0,  0,  0
 | 15: 0, 0, 0, 0, 0, 0, 0, 0, 0, 0,  0,  0,  0,  0,  1,  0
 | 16: 0, 0, 0, 0, 0, 0, 0, 0, 0, 0,  0,  0,  0,  0,  0,  0
 | 17: 0, 0, 0, 0, 0, 0, 0, 0, 0, 0,  0,  0,  0,  1,  0,  0
 | 18: 0, 0, 0, 0, 0, 0, 0, 0, 0, 0,  0,  0,  0,  0,  0,  0
 | 19: 0, 0, 0, 0, 0, 0, 0, 0, 0, 0,  0,  1,  0,  0,  0,  0
 | 20: 0, 0, 0, 0, 0, 0, 0, 1, 0, 0,  0,  0,  0,  0,  0,  0
 |];
DSTKL = 
[|     0: 1: 2: 3: 4: 5: 6: 7: 8: 9: 10: 11: 12: 13: 14: 15: 
 |  0: 0, 0, 0, 0, 0, 1, 0, 0, 0, 0,  0,  0,  0,  0,  0,  0
 |  1: 0, 0, 0, 0, 0, 0, 0, 0, 0, 0,  0,  0,  0,  1,  0,  0
 |  2: 0, 0, 0, 1, 0, 0, 0, 0, 0, 0,  0,  0,  0,  0,  0,  0
 |  3: 0, 0, 0, 0, 0, 0, 0, 0, 0, 0,  0,  1,  0,  0,  0,  0
 |  4: 0, 0, 0, 0, 0, 0, 0, 1, 0, 0,  0,  0,  0,  0,  0,  0
 |  5: 0, 0, 0, 0, 0, 0, 0, 0, 0, 0,  0,  0,  0,  0,  0,  1
 |  6: 0, 1, 0, 0, 0, 0, 0, 0, 0, 0,  0,  0,  0,  0,  0,  0
 |  7: 0, 0, 0, 0, 0, 0, 0, 0, 0, 1,  0,  0,  0,  0,  0,  0
 |  8: 1, 0, 0, 0, 0, 0, 0, 0, 0, 0,  0,  0,  0,  0,  0,  0
 |  9: 0, 0, 0, 0, 0, 0, 0, 0, 1, 0,  0,  0,  0,  0,  0,  0
 | 10: 0, 0, 1, 0, 0, 0, 0, 0, 0, 0,  0,  0,  0,  0,  0,  0
 | 11: 0, 0, 0, 0, 0, 0, 0, 0, 0, 0,  1,  0,  0,  0,  0,  0
 | 12: 0, 0, 0, 0, 1, 0, 0, 0, 0, 0,  0,  0,  0,  0,  0,  0
 | 13: 0, 0, 0, 0, 0, 0, 0, 0, 0, 0,  0,  0,  1,  0,  0,  0
 | 14: 0, 0, 0, 0, 0, 0, 0, 0, 0, 0,  0,  0,  0,  0,  0,  0
 | 15: 0, 0, 0, 0, 0, 0, 0, 0, 0, 0,  0,  0,  0,  0,  1,  0
 | 16: 0, 0, 0, 0, 0, 0, 0, 0, 0, 0,  0,  0,  0,  0,  0,  0
 | 17: 0, 0, 0, 0, 0, 0, 0, 0, 0, 0,  0,  0,  0,  1,  0,  0
 | 18: 0, 0, 0, 0, 0, 0, 0, 0, 0, 0,  0,  0,  0,  0,  0,  0
 | 19: 0, 0, 0, 0, 0, 0, 0, 0, 0, 0,  0,  1,  0,  0,  0,  0
 | 20: 0, 0, 0, 0, 0, 0, 0, 1, 0, 0,  0,  0,  0,  0,  0,  0
 |];
AXU = 
[|     0: 1: 2: 3: 4: 5: 6: 7: 8: 9: 10: 11: 12: 13: 14: 15: 
 |  0: 0, 0, 0, 0, 0, 0, 0, 0, 0, 0,  0,  0,  0,  0,  0,  0
 |  1: 0, 0, 0, 0, 0, 0, 0, 0, 0, 0,  0,  0,  0,  0,  0,  0
 |  2: 0, 0, 0, 0, 0, 0, 0, 0, 0, 0,  0,  0,  0,  0,  0,  0
 |  3: 0, 0, 0, 0, 0, 0, 0, 0, 0, 0,  0,  0,  0,  0,  0,  0
 |  4: 0, 0, 0, 0, 0, 0, 0, 0, 0, 0,  0,  0,  0,  0,  0,  0
 |  5: 0, 0, 0, 0, 0, 0, 0, 0, 0, 0,  0,  0,  0,  0,  0,  0
 |  6: 0, 0, 0, 0, 0, 0, 0, 0, 0, 0,  0,  0,  0,  0,  0,  0
 |  7: 0, 0, 0, 0, 0, 0, 0, 0, 0, 0,  0,  0,  0,  0,  0,  0
 |  8: 1, 0, 0, 0, 1, 0, 0, 0, 0, 0,  0,  0,  1,  0,  0,  0
 |  9: 2, 0, 0, 2, 2, 0, 0, 0, 0, 2,  0,  0,  2,  0,  0,  0
 | 10: 2, 0, 1, 3, 2, 0, 1, 2, 0, 2,  0,  2,  2,  0,  1,  3
 |];
DXU = 
[|      0: 1: 2:  3:  4: 5: 6:  7: 8:  9: 10: 11: 12: 13: 14: 15: 
 |  0:  0, 0, 0,  0,  0, 0, 0,  0, 0,  0,  0,  0,  0,  0,  0,  0
 |  1:  0, 0, 0,  0,  0, 0, 0,  0, 0,  0,  0,  0,  0,  0,  0,  0
 |  2:  0, 0, 0,  0,  0, 0, 0,  0, 0,  0,  0,  0,  0,  0,  0,  0
 |  3:  0, 0, 0,  0,  0, 0, 0,  0, 0,  0,  0,  0,  0,  0,  0,  0
 |  4:  0, 0, 0,  0,  0, 0, 0,  0, 0,  0,  0,  0,  0,  0,  0,  0
 |  5:  0, 0, 0,  0,  0, 0, 0,  0, 0,  0,  0,  0,  0,  0,  0,  0
 |  6:  0, 0, 0,  0,  0, 0, 0,  0, 0,  0,  0,  0,  0,  0,  0,  0
 |  7:  0, 0, 0,  0,  0, 0, 0,  0, 0,  0,  0,  0,  0,  0,  0,  0
 |  8:  1, 0, 0,  0,  1, 0, 0,  0, 0,  0,  0,  0,  1,  0,  0,  0
 |  9: -1, 0, 0, -1, -1, 0, 0,  0, 0, -1,  0,  0, -1,  0,  0,  0
 | 10: -1, 0, 1, -2, -1, 0, 1, -1, 0, -1,  0, -1, -1,  0,  1, -2
 |];
AYU = 
[|    0: 1: 2: 3: 4: 5: 6: 7: 8: 9: 10: 11: 12: 13: 14: 15: 
 | 0: 0, 0, 0, 0, 0, 0, 0, 0, 0, 0,  0,  0,  0,  0,  0,  0
 | 1: 0, 0, 0, 0, 0, 0, 0, 0, 0, 0,  0,  0,  0,  0,  0,  0
 | 2: 0, 0, 0, 0, 0, 0, 0, 0, 0, 0,  0,  0,  0,  0,  0,  0
 | 3: 0, 0, 0, 0, 0, 0, 0, 0, 0, 0,  0,  0,  0,  0,  0,  0
 | 4: 0, 0, 0, 0, 0, 0, 0, 0, 0, 0,  0,  0,  0,  0,  0,  0
 | 5: 0, 0, 0, 0, 0, 0, 0, 0, 0, 0,  0,  0,  0,  0,  0,  0
 | 6: 0, 0, 0, 0, 0, 0, 0, 0, 0, 0,  0,  0,  0,  0,  0,  0
 | 7: 0, 0, 0, 0, 0, 0, 0, 0, 0, 0,  0,  0,  0,  0,  0,  0
 | 8: 2, 0, 0, 0, 2, 0, 0, 0, 0, 0,  0,  0,  2,  0,  0,  0
 | 9: 2, 0, 0, 2, 2, 0, 0, 0, 0, 2,  0,  0,  2,  0,  0,  0
 |];
DYU = 
[|     0: 1: 2:  3:  4: 5: 6: 7: 8:  9: 10: 11: 12: 13: 14: 15: 
 | 0:  0, 0, 0,  0,  0, 0, 0, 0, 0,  0,  0,  0,  0,  0,  0,  0
 | 1:  0, 0, 0,  0,  0, 0, 0, 0, 0,  0,  0,  0,  0,  0,  0,  0
 | 2:  0, 0, 0,  0,  0, 0, 0, 0, 0,  0,  0,  0,  0,  0,  0,  0
 | 3:  0, 0, 0,  0,  0, 0, 0, 0, 0,  0,  0,  0,  0,  0,  0,  0
 | 4:  0, 0, 0,  0,  0, 0, 0, 0, 0,  0,  0,  0,  0,  0,  0,  0
 | 5:  0, 0, 0,  0,  0, 0, 0, 0, 0,  0,  0,  0,  0,  0,  0,  0
 | 6:  0, 0, 0,  0,  0, 0, 0, 0, 0,  0,  0,  0,  0,  0,  0,  0
 | 7:  0, 0, 0,  0,  0, 0, 0, 0, 0,  0,  0,  0,  0,  0,  0,  0
 | 8: -1, 0, 0,  0, -1, 0, 0, 0, 0,  0,  0,  0, -1,  0,  0,  0
 | 9: -1, 0, 0, -1, -1, 0, 0, 0, 0, -1,  0,  0, -1,  0,  0,  0
 |];
AZU = 
[|    0: 1: 2: 3: 4: 5: 6: 7: 8: 9: 10: 11: 12: 13: 14: 15: 
 | 0: 0, 0, 0, 0, 0, 0, 0, 0, 0, 0,  0,  0,  0,  0,  0,  0
 | 1: 0, 0, 0, 0, 0, 0, 0, 0, 0, 0,  0,  0,  0,  0,  0,  0
 | 2: 0, 0, 0, 0, 0, 0, 0, 0, 0, 0,  0,  0,  0,  0,  0,  0
 | 3: 0, 0, 0, 0, 0, 0, 0, 0, 0, 0,  0,  0,  0,  0,  0,  0
 | 4: 0, 0, 0, 0, 0, 0, 0, 0, 0, 0,  0,  0,  0,  0,  0,  0
 | 5: 0, 0, 0, 0, 0, 0, 0, 0, 0, 0,  0,  0,  0,  0,  0,  0
 | 6: 0, 0, 0, 0, 0, 0, 0, 0, 0, 0,  0,  0,  0,  0,  0,  0
 | 7: 1, 0, 0, 0, 0, 0, 0, 0, 0, 0,  0,  0,  0,  0,  0,  0
 | 8: 2, 0, 0, 0, 2, 0, 0, 0, 0, 0,  0,  0,  2,  0,  0,  0
 | 9: 2, 0, 1, 2, 2, 0, 0, 0, 0, 2,  0,  0,  2,  0,  0,  0
 |];
DZU = 
[|     0: 1: 2:  3:  4: 5: 6: 7: 8:  9: 10: 11: 12: 13: 14: 15: 
 | 0:  0, 0, 0,  0,  0, 0, 0, 0, 0,  0,  0,  0,  0,  0,  0,  0
 | 1:  0, 0, 0,  0,  0, 0, 0, 0, 0,  0,  0,  0,  0,  0,  0,  0
 | 2:  0, 0, 0,  0,  0, 0, 0, 0, 0,  0,  0,  0,  0,  0,  0,  0
 | 3:  0, 0, 0,  0,  0, 0, 0, 0, 0,  0,  0,  0,  0,  0,  0,  0
 | 4:  0, 0, 0,  0,  0, 0, 0, 0, 0,  0,  0,  0,  0,  0,  0,  0
 | 5:  0, 0, 0,  0,  0, 0, 0, 0, 0,  0,  0,  0,  0,  0,  0,  0
 | 6:  0, 0, 0,  0,  0, 0, 0, 0, 0,  0,  0,  0,  0,  0,  0,  0
 | 7:  1, 0, 0,  0,  0, 0, 0, 0, 0,  0,  0,  0,  0,  0,  0,  0
 | 8: -1, 0, 0,  0, -1, 0, 0, 0, 0,  0,  0,  0, -1,  0,  0,  0
 | 9: -1, 0, 1, -1, -1, 0, 0, 0, 0, -1,  0,  0, -1,  0,  0,  0
 |];
AXL = 
[|     0: 1: 2: 3: 4: 5: 6: 7: 8: 9: 10: 11: 12: 13: 14: 15: 
 |  0: 0, 0, 2, 2, 0, 2, 2, 0, 0, 2,  0,  0,  0,  2,  0,  0
 |  1: 2, 0, 0, 0, 0, 0, 0, 2, 0, 0,  2,  0,  0,  0,  0,  0
 |  2: 0, 0, 0, 0, 2, 0, 0, 0, 0, 0,  0,  0,  0,  0,  0,  0
 |  3: 0, 0, 0, 0, 0, 0, 0, 0, 0, 0,  0,  0,  0,  0,  0,  0
 |  4: 0, 0, 0, 0, 0, 0, 0, 0, 0, 0,  0,  0,  0,  0,  0,  0
 |  5: 0, 0, 0, 0, 0, 0, 0, 0, 0, 0,  0,  0,  0,  0,  0,  0
 |  6: 0, 0, 0, 0, 0, 0, 0, 0, 0, 0,  0,  0,  0,  0,  0,  0
 |  7: 0, 0, 0, 0, 0, 0, 0, 0, 0, 0,  0,  0,  0,  0,  0,  0
 |  8: 0, 0, 0, 0, 0, 0, 0, 0, 0, 0,  0,  0,  0,  0,  0,  0
 |  9: 0, 0, 0, 0, 0, 0, 0, 0, 0, 0,  0,  0,  0,  0,  0,  0
 | 10: 0, 0, 0, 0, 0, 0, 0, 0, 0, 0,  0,  0,  0,  0,  0,  0
 | 11: 0, 0, 0, 0, 0, 0, 0, 0, 1, 0,  0,  0,  0,  0,  0,  0
 |];
DXL = 
[|      0: 1:  2:  3:  4:  5:  6:  7: 8:  9: 10: 11: 12: 13: 14: 15: 
 |  0:  0, 0, -1, -1,  0, -1, -1,  0, 0, -1,  0,  0,  0, -1,  0,  0
 |  1: -1, 0,  0,  0,  0,  0,  0, -1, 0,  0, -1,  0,  0,  0,  0,  0
 |  2:  0, 0,  0,  0, -1,  0,  0,  0, 0,  0,  0,  0,  0,  0,  0,  0
 |  3:  0, 0,  0,  0,  0,  0,  0,  0, 0,  0,  0,  0,  0,  0,  0,  0
 |  4:  0, 0,  0,  0,  0,  0,  0,  0, 0,  0,  0,  0,  0,  0,  0,  0
 |  5:  0, 0,  0,  0,  0,  0,  0,  0, 0,  0,  0,  0,  0,  0,  0,  0
 |  6:  0, 0,  0,  0,  0,  0,  0,  0, 0,  0,  0,  0,  0,  0,  0,  0
 |  7:  0, 0,  0,  0,  0,  0,  0,  0, 0,  0,  0,  0,  0,  0,  0,  0
 |  8:  0, 0,  0,  0,  0,  0,  0,  0, 0,  0,  0,  0,  0,  0,  0,  0
 |  9:  0, 0,  0,  0,  0,  0,  0,  0, 0,  0,  0,  0,  0,  0,  0,  0
 | 10:  0, 0,  0,  0,  0,  0,  0,  0, 0,  0,  0,  0,  0,  0,  0,  0
 | 11:  0, 0,  0,  0,  0,  0,  0,  0, 1,  0,  0,  0,  0,  0,  0,  0
 |];
AYL = 
[|     0: 1: 2: 3: 4: 5: 6: 7: 8: 9: 10: 11: 12: 13: 14: 15: 
 |  0: 0, 0, 1, 2, 0, 2, 2, 0, 0, 2,  0,  0,  0,  2,  0,  0
 |  1: 2, 0, 0, 0, 0, 0, 0, 2, 0, 0,  2,  0,  0,  0,  0,  0
 |  2: 0, 0, 0, 0, 1, 0, 0, 0, 0, 0,  0,  0,  0,  0,  0,  0
 |  3: 0, 0, 0, 0, 0, 0, 0, 0, 0, 0,  0,  0,  0,  0,  0,  0
 |  4: 0, 0, 0, 0, 0, 0, 0, 0, 0, 0,  0,  0,  0,  0,  0,  0
 |  5: 0, 0, 0, 0, 0, 0, 0, 0, 0, 0,  0,  0,  0,  0,  0,  0
 |  6: 0, 0, 0, 0, 0, 0, 0, 0, 0, 0,  0,  0,  0,  0,  0,  0
 |  7: 0, 0, 0, 0, 0, 0, 0, 0, 0, 0,  0,  0,  0,  0,  0,  0
 |  8: 0, 0, 0, 0, 0, 0, 0, 0, 0, 0,  0,  0,  0,  0,  0,  0
 |  9: 0, 0, 0, 0, 0, 0, 0, 0, 0, 0,  0,  0,  0,  0,  0,  0
 | 10: 0, 0, 0, 0, 0, 0, 0, 0, 0, 0,  0,  0,  0,  0,  0,  0
 |];
DYL = 
[|      0: 1: 2:  3: 4:  5:  6:  7: 8:  9: 10: 11: 12: 13: 14: 15: 
 |  0:  0, 0, 1, -1, 0, -1, -1,  0, 0, -1,  0,  0,  0, -1,  0,  0
 |  1: -1, 0, 0,  0, 0,  0,  0, -1, 0,  0, -1,  0,  0,  0,  0,  0
 |  2:  0, 0, 0,  0, 1,  0,  0,  0, 0,  0,  0,  0,  0,  0,  0,  0
 |  3:  0, 0, 0,  0, 0,  0,  0,  0, 0,  0,  0,  0,  0,  0,  0,  0
 |  4:  0, 0, 0,  0, 0,  0,  0,  0, 0,  0,  0,  0,  0,  0,  0,  0
 |  5:  0, 0, 0,  0, 0,  0,  0,  0, 0,  0,  0,  0,  0,  0,  0,  0
 |  6:  0, 0, 0,  0, 0,  0,  0,  0, 0,  0,  0,  0,  0,  0,  0,  0
 |  7:  0, 0, 0,  0, 0,  0,  0,  0, 0,  0,  0,  0,  0,  0,  0,  0
 |  8:  0, 0, 0,  0, 0,  0,  0,  0, 0,  0,  0,  0,  0,  0,  0,  0
 |  9:  0, 0, 0,  0, 0,  0,  0,  0, 0,  0,  0,  0,  0,  0,  0,  0
 | 10:  0, 0, 0,  0, 0,  0,  0,  0, 0,  0,  0,  0,  0,  0,  0,  0
 |];
AZL = 
[|     0: 1: 2: 3: 4: 5: 6: 7: 8: 9: 10: 11: 12: 13: 14: 15: 
 |  0: 0, 0, 0, 2, 0, 2, 2, 0, 0, 2,  0,  0,  0,  2,  0,  0
 |  1: 2, 0, 0, 0, 0, 0, 0, 2, 0, 0,  2,  0,  0,  0,  0,  0
 |  2: 0, 0, 0, 0, 0, 0, 0, 0, 0, 0,  0,  0,  0,  0,  0,  0
 |  3: 0, 0, 0, 0, 0, 0, 0, 0, 0, 0,  0,  0,  0,  0,  0,  0
 |  4: 0, 0, 0, 0, 0, 0, 0, 0, 0, 0,  0,  0,  0,  0,  0,  0
 |  5: 0, 0, 0, 0, 0, 0, 0, 0, 0, 0,  0,  0,  0,  0,  0,  0
 |  6: 0, 0, 0, 0, 0, 0, 0, 0, 0, 0,  0,  0,  0,  0,  0,  0
 |  7: 0, 0, 0, 0, 0, 0, 0, 0, 0, 0,  0,  0,  0,  0,  0,  0
 |  8: 0, 0, 0, 0, 0, 0, 0, 0, 0, 0,  0,  0,  0,  0,  0,  0
 |  9: 0, 0, 0, 0, 0, 0, 0, 0, 0, 0,  0,  0,  0,  0,  0,  0
 | 10: 0, 0, 0, 0, 0, 0, 0, 1, 0, 0,  0,  0,  0,  0,  0,  0
 |];
DZL = 
[|      0: 1: 2:  3: 4:  5:  6:  7: 8:  9: 10: 11: 12: 13: 14: 15: 
 |  0:  0, 0, 0, -1, 0, -1, -1,  0, 0, -1,  0,  0,  0, -1,  0,  0
 |  1: -1, 0, 0,  0, 0,  0,  0, -1, 0,  0, -1,  0,  0,  0,  0,  0
 |  2:  0, 0, 0,  0, 0,  0,  0,  0, 0,  0,  0,  0,  0,  0,  0,  0
 |  3:  0, 0, 0,  0, 0,  0,  0,  0, 0,  0,  0,  0,  0,  0,  0,  0
 |  4:  0, 0, 0,  0, 0,  0,  0,  0, 0,  0,  0,  0,  0,  0,  0,  0
 |  5:  0, 0, 0,  0, 0,  0,  0,  0, 0,  0,  0,  0,  0,  0,  0,  0
 |  6:  0, 0, 0,  0, 0,  0,  0,  0, 0,  0,  0,  0,  0,  0,  0,  0
 |  7:  0, 0, 0,  0, 0,  0,  0,  0, 0,  0,  0,  0,  0,  0,  0,  0
 |  8:  0, 0, 0,  0, 0,  0,  0,  0, 0,  0,  0,  0,  0,  0,  0,  0
 |  9:  0, 0, 0,  0, 0,  0,  0,  0, 0,  0,  0,  0,  0,  0,  0,  0
 | 10:  0, 0, 0,  0, 0,  0,  0,  1, 0,  0,  0,  0,  0,  0,  0,  0
 |];
----------
==========
Finished in 6s 96msec.

